,tweet_id,favorites,retweets
0,892420643555336193,38446,8456
1,892177421306343426,32939,6230
2,891815181378084864,24817,4129
3,891689557279858688,41798,8578
4,891327558926688256,39963,9316
5,891087950875897856,20059,3084
6,890971913173991426,11741,2053
7,890729181411237888,64914,18768
8,890609185150312448,27575,4238
9,890240255349198849,31647,7347
10,890006608113172480,30410,7283
11,889880896479866881,27549,4939
12,889665388333682689,47712,9990
13,889638837579907072,26936,4513
14,889531135344209921,14972,2224
15,889278841981685760,25082,5384
16,888917238123831296,28849,4471
17,888804989199671297,25372,4295
18,888554962724278272,19715,3556
19,888078434458587136,21566,3474
20,887705289381826560,29918,5350
21,887517139158093824,45860,11597
22,887473957103951883,68535,18073
23,887343217045368832,33400,10332
24,887101392804085760,30284,5920
25,886983233522544640,34873,7727
26,886736880519319552,11957,3270
27,886680336477933568,22242,4437
28,886366144734445568,21018,3178
29,886267009285017600,116,4
30,886258384151887873,27750,6230
31,886054160059072513,0,104
32,885984800019947520,32421,6768
33,885528943205470208,35681,6387
34,885518971528720385,20258,3736
35,885311592912609280,0,18488
36,885167619883638784,21761,4355
37,884925521741709313,76829,18321
38,884876753390489601,27708,5750
39,884562892145688576,24099,4840
40,884441805382717440,26759,5616
41,884247878851493888,72430,20327
42,884162670584377345,20208,2966
43,883838122936631299,21722,3425
44,883482846933004288,45561,9906
45,883360690899218434,22386,3655
46,883117836046086144,36904,6641
47,882992080364220416,23765,3897
48,882762694511734784,28072,4893
49,882627270321602560,27684,6058
50,882268110199369728,44609,11530
51,882045870035918850,29114,4946
52,881906580714921986,24099,3386
53,881666595344535552,50139,10605
54,881633300179243008,126,7
55,881536004380872706,49046,15878
56,881268444196462592,22904,5133
57,880935762899988482,16877,2767
58,880872448815771648,21121,3797
59,880465832366813184,28307,6259
60,880221127280381952,26839,4205
61,880095782870896641,27403,4346
62,879862464715927552,22154,3482
63,879674319642796034,310,10
64,879492040517615616,23227,3171
65,879415818425184262,105045,43955
66,879376492567855104,16639,3107
67,879130579576475649,0,6817
68,879050749262655488,22403,4698
69,879008229531029506,18822,2677
70,878776093423087618,19268,4116
71,878604707211726852,30045,7180
72,878404777348136964,0,1284
73,878316110768087041,0,6634
74,878281511006478336,7690,1284
75,878057613040115712,41715,6817
76,877736472329191424,79214,19053
77,877611172832227328,0,80
78,877556246731214848,22564,3806
79,877316821321428993,27162,5161
80,877201837425926144,26904,5575
81,876838120628539392,20523,3344
82,876537666061221889,23302,4610
83,876484053909872640,18626,2392
84,876120275196170240,27702,4683
85,875747767867523072,25025,4279
86,875144289856114688,21771,4921
87,875097192612077568,27248,6031
88,875021211251597312,25289,4710
89,874680097055178752,27648,4648
90,874434818259525634,0,14755
91,874296783580663808,25904,4119
92,874057562936811520,22512,3958
93,874012996292530176,34431,10455
94,873580283840344065,24102,3956
95,873337748698140672,0,1592
96,873213775632977920,7207,1592
97,872967104147763200,27253,5419
98,872820683541237760,14661,3704
99,872668790621863937,0,27
100,872620804844003328,20690,3714
101,872486979161796608,40516,9041
102,872261713294495745,34073,6361
103,872122724285648897,34339,8159
104,871879754684805121,37924,11264
105,871762521631449091,20204,3498
106,871515927908634625,20161,3477
107,871166179821445120,0,5740
108,871102520638267392,20894,5541
109,871032628920680449,22619,3840
110,870804317367881728,33588,6254
111,870726314365509632,119,3
112,870656317836468226,12401,2668
113,870374049280663552,82652,26461
114,870308999962521604,21820,4196
115,870063196459192321,36717,8449
116,869772420881756160,42434,10140
117,869702957897576449,28270,6412
118,869596645499047938,15992,3169
119,869227993411051520,20476,3835
120,868880397819494401,65839,14716
121,868639477480148993,0,2131
122,868622495443632128,27312,5864
123,868552278524837888,10183,2131
124,867900495410671616,24287,4237
125,867774946302451713,34183,7465
126,867421006826221569,16214,2563
127,867072653475098625,0,128
128,867051520902168576,32441,8014
129,866720684873056260,20223,4907
130,866686824827068416,19465,3551
131,866450705531457537,123231,35966
132,866334964761202691,53040,14755
133,866094527597207552,0,8553
134,865718153858494464,25824,5735
135,865359393868664832,26724,5108
136,865006731092295680,28284,7858
137,864873206498414592,32617,8927
138,864279568663928832,14776,3110
139,864197398364647424,30494,9163
140,863907417377173506,20853,4237
141,863553081350529029,15475,4276
142,863471782782697472,0,2527
143,863432100342583297,24108,5394
144,863427515083354112,2289,99
145,863079547188785154,8877,1124
146,863062471531167744,8648,2527
147,862831371563274240,19433,5218
148,862722525377298433,17290,3626
149,862457590147678208,20813,5096
150,862096992088072192,75625,23964
151,861383897657036800,36605,11006
152,861288531465048066,17450,4286
153,861005113778896900,16974,3918
154,860981674716409858,0,2226
155,860924035999428608,0,844
156,860563773140209665,7629,2226
157,860524505164394496,24003,5433
158,860276583193509888,18590,3586
159,860184849394610176,16966,6015
160,860177593139703809,0,31888
161,859924526012018688,19883,4230
162,859851578198683649,15666,3624
163,859607811541651456,18923,1622
164,859196978902773760,91558,31276
165,859074603037188101,34534,14067
166,858860390427611136,0,8431
167,858843525470990336,15832,3595
168,858471635011153920,21934,5020
169,858107933456039936,16052,3022
170,857989990357356544,16449,2682
171,857746408056729600,34989,11028
172,857393404942143489,6047,1706
173,857263160327368704,20448,4701
174,857214891891077121,235,18
175,857062103051644929,0,178
176,857029823797047296,19353,4166
177,856602993587888130,0,11137
178,856543823941562368,16646,2999
179,856526610513747968,12107,1955
180,856330835276025856,0,707
181,856288084350160898,528,17
182,856282028240666624,28387,6599
183,855862651834028034,356,28
184,855860136149123072,5161,1078
185,855857698524602368,12128,2210
186,855851453814013952,46545,18505
187,855818117272018944,27268,5686
188,855459453768019968,30736,8612
189,855245323840757760,0,6264
190,855138241867124737,0,48
191,854732716440526848,23502,6411
192,854482394044301312,30180,7222
193,854365224396361728,19469,4928
194,854120357044912130,32956,7896
195,854010172552949760,16699,3313
196,853760880890318849,29517,6109
197,853639147608842240,36033,10694
198,853299958564483072,16045,3758
199,852936405516943360,0,2135
200,852912242202992640,9366,1946
201,852672615818899456,15443,2275
202,852553447878664193,16955,3723
203,852311364735569921,34331,10479
204,852226086759018497,20753,7209
205,852189679701164033,11886,1674
206,851953902622658560,0,10227
207,851861385021730816,0,23
208,851591660324737024,16818,3682
209,851464819735769094,25221,7517
210,851224888060895234,21497,6083
211,850753642995093505,32277,9885
212,850380195714523136,13585,2783
213,850333567704068097,3567,356
214,850145622816686080,16988,4072
215,850019790995546112,21290,5217
216,849776966551130114,31732,8105
217,849668094696017920,0,5290
218,849412302885593088,16543,3349
219,849336543269576704,11919,2015
220,849051919805034497,44331,9100
221,848690551926992896,26318,4608
222,848324959059550208,25867,4919
223,848213670039564288,8537,802
224,848212111729840128,17071,3298
225,847978865427394560,0,3481
226,847971574464610304,0,462
227,847962785489326080,24573,5462
228,847842811428974592,5731,1438
229,847617282490613760,7331,452
230,847606175596138505,19627,3625
231,847251039262605312,21399,4599
232,847157206088847362,20921,6287
233,847116187444137987,22435,3415
234,846874817362120707,21047,4202
235,846514051647705089,46817,12470
236,846505985330044928,14823,3325
237,846153765933735936,33247,9743
238,846139713627017216,32355,10589
239,846042936437604353,16774,3102
240,845812042753855489,30755,9409
241,845677943972139009,26330,5138
242,845397057150107648,8003,1954
243,845306882940190720,24484,5806
244,845098359547420673,0,8249
245,844979544864018432,14319,2780
246,844973813909606400,15881,3457
247,844704788403113984,40701,11137
248,844580511645339650,17315,3386
249,844223788422217728,14327,2366
250,843981021012017153,15886,3145
251,843856843873095681,22512,4987
252,843604394117681152,17760,2964
253,843235543001513987,22627,6542
254,842846295480000512,16007,3873
255,842765311967449089,7101,1373
256,842535590457499648,19040,3781
257,842163532590374912,25778,6264
258,842115215311396866,14762,3272
259,841833993020538882,0,16628
260,841680585030541313,27003,8368
261,841439858740625411,13325,3970
262,841320156043304961,20822,5867
263,841314665196081154,16699,5082
264,841077006473256960,24164,5740
265,840761248237133825,0,1901
266,840728873075638272,0,17553
267,840698636975636481,191,2
268,840696689258311684,12976,1067
269,840632337062862849,9465,1901
270,840370681858686976,17382,4934
271,840268004936019968,20359,6201
272,839990271299457024,14180,2492
273,839549326359670784,29090,8431
274,839290600511926273,0,154
275,839239871831150596,28748,7116
276,838952994649550848,20741,4317
277,838921590096166913,11809,2251
278,838916489579200512,0,36
279,838831947270979586,0,12022
280,838561493054533637,11540,1436
281,838476387338051585,23917,5233
282,838201503651401729,0,10986
283,838150277551247360,1778,356
284,838085839343206401,147,0
285,838083903487373313,18662,3421
286,837820167694528512,36198,8553
287,837482249356513284,4060,481
288,837471256429613056,13550,2503
289,837366284874571778,22375,5755
290,837110210464448512,16967,2606
291,836989968035819520,13488,2495
292,836753516572119041,20382,5020
293,836677758902222849,13361,2421
294,836648853927522308,0,603
295,836397794269200385,0,30065
296,836380477523124226,15605,3212
297,836260088725786625,22532,4672
298,836001077879255040,20269,4683
299,835685285446955009,0,8908
300,835574547218894849,18875,3952
301,835536468978302976,0,1855
302,835309094223372289,0,22931
303,835297930240217089,17391,3262
304,835264098648616962,8236,1855
305,835246439529840640,2212,79
306,835172783151792128,27719,6263
307,835152434251116546,23837,3296
308,834931633769889797,11502,1800
309,834786237630337024,22421,5970
310,834574053763584002,14533,2768
311,834477809192075265,0,11648
312,834458053273591808,10206,1825
313,834209720923721728,21880,5235
314,834167344700198914,16721,3960
315,834089966724603904,10667,2324
316,834086379323871233,13870,2416
317,833863086058651648,14243,2627
318,833826103416520705,16291,3757
319,833732339549220864,0,237
320,833722901757046785,21961,3497
321,833479644947025920,15786,2255
322,833124694597443584,21458,5290
323,832998151111966721,14150,2426
324,832769181346996225,0,40
325,832757312314028032,17882,3964
326,832682457690300417,12637,3206
327,832645525019123713,3101,567
328,832636094638288896,16868,3064
329,832397543355072512,12703,2433
330,832369877331693569,18218,3481
331,832273440279240704,12023,2552
332,832215909146226688,0,6780
333,832215726631055365,0,10275
334,832088576586297345,71,2
335,832040443403784192,0,10640
336,832032802820481025,18991,5101
337,831939777352105988,25542,6718
338,831926988323639298,362,36
339,831911600680497154,29455,7142
340,831670449226514432,11115,1991
341,831650051525054464,7634,2135
342,831552930092285952,9584,2513
343,831322785565769729,9764,1669
344,831315979191906304,6941,1223
345,831309418084069378,12464,2674
346,831262627380748289,12669,2250
347,830956169170665475,8497,1644
348,830583320585068544,71306,18488
349,830173239259324417,0,6268
350,830097400375152640,10481,3306
351,829878982036299777,0,5512
352,829861396166877184,13047,2149
353,829501995190984704,33830,11648
354,829449946868879360,11153,2224
355,829374341691346946,36933,10227
356,829141528400556032,26161,8140
357,829011960981237760,56516,17811
358,828801551087042563,0,3732
359,828770345708580865,27268,6463
360,828708714936930305,39068,12334
361,828650029636317184,10146,1479
362,828409743546925057,6705,1265
363,828408677031882754,8150,1409
364,828381636999917570,13479,2438
365,828376505180889089,7885,1169
366,828372645993398273,13374,3226
367,828361771580813312,2342,186
368,828046555563323392,12563,3149
369,828011680017821696,11061,2360
370,827933404142436356,21512,5740
371,827653905312006145,16478,3306
372,827600520311402496,7906,1042
373,827324948884643840,16974,3369
374,827199976799354881,11306,2464
375,826958653328592898,23086,5512
376,826848821049180160,39019,11276
377,826615380357632002,0,4340
378,826598799820865537,5469,281
379,826598365270007810,10765,2583
380,826476773533745153,19691,4620
381,826240494070030336,14184,2850
382,826204788643753985,5214,1028
383,826115272272650244,16760,3451
384,825876512159186944,11191,2054
385,825829644528148480,13623,2742
386,825535076884762624,55697,18958
387,825147591692263424,19568,5038
388,825120256414846976,0,1421
389,825026590719483904,6796,1421
390,824796380199809024,0,6049
391,824775126675836928,16018,3889
392,824663926340194305,10784,1918
393,824325613288833024,12612,11450
394,824297048279236611,16102,4263
395,824025158776213504,5110,651
396,823939628516474880,11414,2992
397,823719002937630720,0,12401
398,823699002998870016,13476,2664
399,823581115634085888,13967,2924
400,823333489516937216,750,29
401,823322678127919110,16893,4438
402,823269594223824897,0,10888
403,822975315408461824,18536,3795
404,822872901745569793,141961,48477
405,822859134160621569,14153,2517
406,822647212903690241,0,7079
407,822610361945911296,15841,3270
408,822489057087389700,19467,7079
409,822462944365645825,30607,16244
410,822244816520155136,37617,10888
411,822163064745328640,0,5315
412,821886076407029760,12187,2587
413,821813639212650496,0,3695
414,821765923262631936,9042,1843
415,821522889702862852,8606,1954
416,821421320206483457,0,6183
417,821407182352777218,12642,4817
418,821153421864615936,273,10
419,821149554670182400,9375,2223
420,821107785811234820,10311,2353
421,821044531881721856,13600,2533
422,820837357901512704,0,7398
423,820749716845686786,33898,10986
424,820690176645140481,13106,3562
425,820494788566847489,0,627
426,820446719150292993,0,2853
427,820314633777061888,3580,627
428,820078625395449857,21268,6945
429,820013781606658049,0,1307
430,819952236453363712,5716,1307
431,819924195358416896,13823,5355
432,819711362133872643,14467,3474
433,819588359383371776,10288,2181
434,819347104292290561,7764,1334
435,819238181065359361,2463,448
436,819227688460238848,24840,7398
437,819015337530290176,0,40562
438,819015331746349057,0,20931
439,819006400881917954,48526,20931
440,819004803107983360,92874,40562
441,818646164899774465,0,23102
442,818627210458333184,23877,8251
443,818614493328580609,10612,2861
444,818588835076603904,0,6815
445,818536468981415936,11741,2747
446,818307523543449600,0,9008
447,818259473185828864,11866,2536
448,818145370475810820,13222,2884
449,817908911860748288,5206,873
450,817827839487737858,55841,30065
451,817777686764523521,11510,2957
452,817536400337801217,12696,3362
453,817502432452313088,0,3761
454,817423860136083457,36873,16628
455,817415592588222464,6051,1072
456,817181837579653120,0,9444
457,817171292965273600,9397,2232
458,817120970343411712,13090,2905
459,817056546584727552,9227,1831
460,816829038950027264,0,5231
461,816816676327063552,10757,2258
462,816697700272001025,10563,2448
463,816450570814898180,32936,9008
464,816336735214911488,9264,2170
465,816091915477250048,9617,2388
466,816062466425819140,0,1162
467,816014286006976512,0,5895
468,815990720817401858,5384,1162
469,815966073409433600,24196,9444
470,815745968457060357,0,4590
471,815736392542261248,10605,2515
472,815639385530101762,8860,1833
473,815390420867969024,11150,4225
474,814986499976527872,8233,1435
475,814638523311648768,12171,3010
476,814578408554463233,0,6455
477,814530161257443328,9341,2060
478,814153002265309185,31018,9660
479,813944609378369540,0,3574
480,813910438903693312,10008,2095
481,813812741911748608,39186,15581
482,813800681631023104,9006,1958
483,813217897535406080,20165,8106
484,813202720496779264,9897,2001
485,813187593374461952,21390,4856
486,813172488309972993,10073,2127
487,813157409116065792,8362,2462
488,813142292504645637,9074,2625
489,813130366689148928,4819,492
490,813127251579564032,12796,3480
491,813112105746448384,11162,3067
492,813096984823349248,11349,4009
493,813081950185472002,10652,3078
494,813066809284972545,8585,2160
495,813051746834595840,22607,8147
496,812781120811126785,8176,2123
497,812747805718642688,0,7724
498,812709060537683968,7146,1592
499,812503143955202048,6555,1363
500,812466873996607488,8624,2140
501,812372279581671427,14789,4087
502,811985624773361665,7839,1562
503,811744202451197953,8149,1790
504,811647686436880384,6033,825
505,811627233043480576,13835,3489
506,811386762094317568,22567,7119
507,810984652412424192,5756,1591
508,810896069567610880,9772,1990
509,810657578271330305,11834,2939
510,810284430598270976,38302,12709
511,810254108431155201,15856,3732
512,809920764300447744,16727,4340
513,809808892968534016,0,5458
514,809448704142938112,7480,1635
515,809220051211603969,21536,6268
516,809084759137812480,14276,3899
517,808838249661788160,10912,3379
518,808733504066486276,8539,2410
519,808501579447930884,12198,2894
520,808344865868283904,45935,23102
521,808134635716833280,0,6646
522,808106460588765185,9415,2432
523,808001312164028416,13587,3934
524,807621403335917568,15755,4104
525,807106840509214720,121848,60344
526,807059379405148160,0,8180
527,807010152071229440,14073,4252
528,806629075125202948,81286,38893
529,806620845233815552,0,6158
530,806576416489959424,5237,2139
531,806542213899489280,11037,2637
532,806242860592926720,0,13045
533,806219024703037440,6932,1338
534,805958939288408065,0,5997
535,805932879469572096,8940,2124
536,805826884734976000,7118,2039
537,805823200554876929,0,8974
538,805520635690676224,6198,1841
539,805487436403003392,9477,2819
540,805207613751304193,8414,1897
541,804738756058218496,14868,4297
542,804475857670639616,6655,2237
543,804413760345620481,0,3581
544,804026241225523202,48271,18064
545,803773340896923648,10866,3090
546,803692223237865472,0,8280
547,803638050916102144,11902,4622
548,803380650405482500,8377,2072
549,803321560782307329,0,5929
550,803276597545603072,10845,2756
551,802952499103731712,9762,2238
552,802624713319034886,0,3263
553,802600418706604034,7700,1637
554,802572683846291456,9675,2796
555,802323869084381190,17588,6518
556,802265048156610565,6920,1516
557,802239329049477120,9818,2904
558,802185808107208704,0,297
559,801958328846974976,8352,1905
560,801854953262350336,1907,261
561,801538201127157760,8871,2296
562,801285448605831168,6561,926
563,801167903437357056,26547,6646
564,801127390143516673,0,4438
565,801115127852503040,8747,2327
566,800859414831898624,747,107
567,800855607700029440,0,1814
568,800751577355128832,11373,3095
569,800513324630806528,14224,3354
570,800459316964663297,10228,2402
571,800443802682937345,0,4815
572,800388270626521089,12069,3130
573,800188575492947969,0,4397
574,800141422401830912,16563,2853
575,800018252395122689,30738,14686
576,799774291445383169,0,5229
577,799757965289017345,9096,2411
578,799422933579902976,8699,2131
579,799308762079035393,0,6181
580,799297110730567681,10747,3088
581,799063482566066176,8770,2742
582,798933969379225600,14269,4997
583,798925684722855936,8047,1602
584,798705661114773508,0,7381
585,798701998996647937,0,8715
586,798697898615730177,0,7251
587,798694562394996736,0,5534
588,798686750113755136,0,2593
589,798682547630837760,0,5270
590,798673117451325440,0,6197
591,798665375516884993,0,4335
592,798644042770751489,0,2064
593,798628517273620480,0,2193
594,798585098161549313,0,6375
595,798576900688019456,0,6547
596,798340744599797760,0,3750
597,798209839306514432,11247,2844
598,797971864723324932,12629,3501
599,797545162159308800,15713,5419
600,797236660651966464,21684,7398
601,797165961484890113,249,31
602,796904159865868288,0,9937
603,796865951799083009,8310,2120
604,796759840936919040,12874,3412
605,796563435802726400,0,8155
606,796484825502875648,8212,1960
607,796387464403357696,11931,4650
608,796177847564038144,0,15962
609,796149749086875649,35059,15962
610,796125600683540480,5349,1988
611,796116448414461957,9846,2701
612,796080075804475393,9141,2588
613,796031486298386433,11706,4116
614,795464331001561088,54021,26564
615,795400264262053889,10942,3195
616,795076730285391872,17594,6049
617,794983741416415232,0,3763
618,794926597468000259,11138,2583
619,794355576146903043,0,11482
620,794332329137291264,10363,2946
621,794205286408003585,9969,3689
622,793962221541933056,18242,5458
623,793845145112371200,9967,2095
624,793614319594401792,0,3490
625,793601777308463104,8644,1825
626,793500921481273345,11593,2660
627,793286476301799424,26698,10275
628,793271401113350145,9367,2636
629,793256262322548741,21648,9296
630,793241302385262592,11402,3662
631,793226087023144960,10662,3192
632,793210959003287553,9677,3143
633,793195938047070209,16546,6274
634,793180763617361921,7500,2221
635,793165685325201412,10184,3101
636,793150605191548928,6689,1905
637,793135492858580992,7008,2780
638,793120401413079041,13755,4356
639,792913359805018113,15554,4485
640,792883833364439040,12262,4755
641,792773781206999040,7960,1876
642,792394556390137856,14609,4777
643,792050063153438720,7786,2005
644,791821351946420224,0,23442
645,791784077045166082,0,10768
646,791780927877898241,0,4229
647,791774931465953280,48897,24747
648,791672322847637504,12731,3490
649,791406955684368384,14219,4590
650,791312159183634433,9519,2837
651,791026214425268224,0,4586
652,790987426131050500,10721,2385
653,790946055508652032,17986,5231
654,790723298204217344,0,2589
655,790698755171364864,8878,2126
656,790581949425475584,22415,7992
657,790337589677002753,8474,2081
658,790277117346975746,13587,3574
659,790227638568808452,0,3983
660,789986466051088384,10014,2589
661,789960241177853952,0,4639
662,789903600034189313,11261,4600
663,789628658055020548,8151,1984
664,789599242079838210,7342,2161
665,789530877013393408,12744,3763
666,789314372632018944,9318,2563
667,789280767834746880,0,5517
668,789268448748703744,9868,2879
669,789137962068021249,10515,3110
670,788908386943430656,29655,13808
671,788765914992902144,29708,11482
672,788552643979468800,0,8038
673,788412144018661376,16871,5904
674,788178268662984705,7835,2364
675,788150585577050112,6654,1448
676,788070120937619456,0,3803
677,788039637453406209,6657,1479
678,787810552592695296,9397,3397
679,787717603741622272,11048,3097
680,787397959788929025,11739,3156
681,787322443945877504,8431,1940
682,787111942498508800,0,7470
683,786963064373534720,28767,8908
684,786729988674449408,0,2691
685,786709082849828864,19692,6780
686,786664955043049472,11546,2863
687,786595970293370880,10175,3450
688,786363235746385920,11806,3901
689,786286427768250368,8630,3182
690,786233965241827333,16566,5315
691,786051337297522688,1553,171
692,786036967502913536,0,7870
693,785927819176054784,12286,3523
694,785872687017132033,7233,2026
695,785639753186217984,8443,2466
696,785533386513321988,9857,2238
697,785515384317313025,6603,1401
698,785264754247995392,7852,1825
699,785170936622350336,13085,5408
700,784826020293709826,10951,3581
701,784517518371221505,9699,2821
702,784431430411685888,6151,1423
703,784183165795655680,21741,8974
704,784057939640352768,32341,12401
705,783839966405230592,32497,12022
706,783821107061198850,7960,2188
707,783695101801398276,11289,3579
708,783466772167098368,9128,2508
709,783391753726550016,18245,6135
710,783347506784731136,0,6239
711,783334639985389568,31599,13045
712,783085703974514689,8796,2468
713,782969140009107456,26049,8180
714,782747134529531904,8060,1553
715,782722598790725632,18640,5997
716,782598640137187329,8399,2090
717,782305867769217024,18003,6183
718,782021823840026624,0,6938
719,781955203444699136,11992,3733
720,781661882474196992,11277,3002
721,781655249211752448,4321,1244
722,781524693396357120,22388,6158
723,781308096455073793,7705,2825
724,781251288990355457,9103,2332
725,781163403222056960,10536,3026
726,780931614150983680,23340,8155
727,780858289093574656,7763,2214
728,780800785462489090,5947,1443
729,780601303617732608,13032,3695
730,780543529827336192,6796,1919
731,780496263422808064,0,4124
732,780476555013349377,0,129
733,780459368902959104,5694,1181
734,780192070812196864,9395,2479
735,780092040432480260,0,2551
736,780074436359819264,13214,5548
737,779834332596887552,20517,7870
738,779377524342161408,9514,3447
739,779124354206535695,0,20400
740,779123168116150273,12733,4037
741,779056095788752897,15962,5016
742,778990705243029504,21612,8079
743,778774459159379968,0,11048
744,778764940568104960,923,406
745,778748913645780993,7441,1479
746,778650543019483137,6229,1653
747,778624900596654080,5017,1122
748,778408200802557953,14712,4827
749,778396591732486144,0,13563
750,778383385161035776,6293,1220
751,778286810187399168,11213,3673
752,778039087836069888,9149,2921
753,778027034220126208,7072,1800
754,777953400541634568,0,3898
755,777885040357281792,6851,1819
756,777684233540206592,12098,3263
757,777641927919427584,0,4707
758,777621514455814149,9454,2760
759,777189768882946048,15427,4800
760,776819012571455488,0,15208
761,776813020089548800,5256,1339
762,776477788987613185,9547,3108
763,776249906839351296,0,10146
764,776218204058357768,32351,17676
765,776201521193218049,10335,2788
766,776113305656188928,12663,4815
767,776088319444877312,1976,167
768,775898661951791106,0,17397
769,775842724423557120,12616,2967
770,775733305207554048,14904,4438
771,775729183532220416,13908,5057
772,775364825476165632,8005,3304
773,775350846108426240,10936,4334
774,775085132600442880,16730,5229
775,774757898236878852,9188,1959
776,774639387460112384,7230,1920
777,774314403806253056,23423,6181
778,773985732834758656,11561,4299
779,773922284943896577,6884,1915
780,773704687002451968,7101,1811
781,773670353721753600,5728,1434
782,773547596996571136,23737,6815
783,773336787167145985,0,5632
784,773308824254029826,24979,8249
785,773247561583001600,10125,3548
786,773191612633579521,10750,4540
787,772877495989305348,9237,4285
788,772826264096874500,8574,2567
789,772615324260794368,0,3713
790,772581559778025472,6961,1867
791,772193107915964416,6457,1527
792,772152991789019136,4063,1236
793,772117678702071809,4028,805
794,772114945936949249,2912,520
795,772102971039580160,4310,1018
796,771908950375665664,7060,2094
797,771770456517009408,12916,3750
798,771500966810099713,8891,2891
799,771380798096281600,11311,5632
800,771171053431250945,0,8346
801,771136648247640064,9887,3226
802,771102124360998913,6699,1577
803,771014301343748096,7385,1824
804,770787852854652928,5336,1351
805,770772759874076672,5579,1561
806,770655142660169732,7874,1918
807,770414278348247044,6765,2271
808,770293558247038976,6702,1644
809,770093767776997377,0,3348
810,770069151037685760,8147,2539
811,769940425801170949,33812,10640
812,769695466921623552,6869,1833
813,769335591808995329,0,8461
814,769212283578875904,5785,1892
815,768970937022709760,15485,7210
816,768909767477751808,0,2984
817,768855141948723200,4508,982
818,768609597686943744,4420,1335
819,768596291618299904,5390,1405
820,768554158521745409,0,6408
821,768473857036525572,14630,3781
822,768193404517830656,11706,3898
823,767884188863397888,5095,1546
824,767754930266464257,17205,5929
825,767500508068192258,8042,2563
826,767191397493538821,13192,4199
827,767122157629476866,10874,3142
828,766864461642756096,0,6236
829,766793450729734144,5456,1493
830,766714921925144576,2792,423
831,766693177336135680,4329,868
832,766423258543644672,6461,1754
833,766313316352462849,7277,2074
834,766078092750233600,0,2854
835,766069199026450432,4593,956
836,766008592277377025,4005,540
837,765719909049503744,7773,2373
838,765669560888528897,5573,1338
839,765395769549590528,28296,3731
840,765371061932261376,7601,2366
841,765222098633691136,12467,3713
842,764857477905154048,6890,1946
843,764259802650378240,6493,1667
844,763956972077010945,793,59
845,763837565564780549,13539,4586
846,763183847194451968,5799,1621
847,763167063695355904,0,3319
848,763103485927849985,7891,2499
849,762699858130116608,13066,3983
850,762471784394268675,12114,7152
851,762464539388485633,11093,4639
852,762316489655476224,5173,1237
853,762035686371364864,34303,17155
854,761976711479193600,5802,2218
855,761750502866649088,0,4337
856,761745352076779520,4559,940
857,761672994376806400,53068,31888
858,761599872357261312,4425,1292
859,761371037149827077,0,19703
860,761334018830917632,5584,1597
861,761292947749015552,4793,1208
862,761227390836215808,5703,1707
863,761004547850530816,12093,3803
864,760893934457552897,4093,1066
865,760656994973933572,7083,2110
866,760641137271070720,5301,1415
867,760539183865880579,8120,3979
868,760521673607086080,4532,1537
869,760290219849637889,28697,12606
870,760252756032651264,4221,948
871,760190180481531904,6112,1990
872,760153949710192640,0,35
873,759943073749200896,6360,2300
874,759923798737051648,15719,6236
875,759846353224826880,7206,2181
876,759793422261743616,6384,2089
877,759566828574212096,0,23218
878,759557299618865152,5037,1286
879,759447681597108224,9097,2691
880,759446261539934208,1788,535
881,759197388317847553,6488,2126
882,759159934323924993,0,1288
883,759099523532779520,15564,4589
884,759047813560868866,6979,2211
885,758854675097526272,3798,980
886,758828659922702336,11950,4194
887,758740312047005698,6128,1752
888,758474966123810816,4093,1085
889,758467244762497024,5146,2443
890,758405701903519748,5567,2109
891,758355060040593408,3674,1191
892,758099635764359168,20534,11048
893,758041019896193024,2898,412
894,757741869644341248,7372,3565
895,757729163776290825,0,8893
896,757725642876129280,4848,1336
897,757611664640446465,4871,1225
898,757597904299253760,0,321
899,757596066325864448,4653,1163
900,757400162377592832,16216,7485
901,757393109802180609,6248,1913
902,757354760399941633,4833,1557
903,756998049151549440,6703,2179
904,756939218950160384,7107,2202
905,756651752796094464,5423,1445
906,756526248105566208,11137,3965
907,756303284449767430,4235,1187
908,756288534030475264,45718,19168
909,756275833623502848,6890,1681
910,755955933503782912,7858,3159
911,755206590534418437,17625,5890
912,755110668769038337,22700,12124
913,754874841593970688,0,8790
914,754856583969079297,7354,2767
915,754747087846248448,2752,572
916,754482103782404096,5677,2135
917,754449512966619136,4002,804
918,754120377874386944,8377,2554
919,753655901052166144,6253,2386
920,753420520834629632,8455,3901
921,753398408988139520,6191,2100
922,753375668877008896,8150,2551
923,753298634498793472,0,6315
924,753294487569522689,3633,1140
925,753039830821511168,39652,22931
926,753026973505581056,4162,1063
927,752932432744185856,13485,7470
928,752917284578922496,7357,1717
929,752701944171524096,0,3155
930,752682090207055872,6417,1757
931,752660715232722944,4716,1723
932,752568224206688256,5927,2499
933,752519690950500352,7896,3763
934,752334515931054080,4080,1205
935,752309394570878976,0,18234
936,752173152931807232,6359,2020
937,751950017322246144,3289,1018
938,751937170840121344,5567,1467
939,751830394383790080,6199,2140
940,751793661361422336,6264,3191
941,751598357617971201,8435,3313
942,751583847268179968,4707,1220
943,751538714308972544,5381,1390
944,751456908746354688,3420,1088
945,751251247299190784,13339,6422
946,751205363882532864,6743,2003
947,751132876104687617,5428,1428
948,750868782890057730,5106,1515
949,750719632563142656,14090,5517
950,750506206503038976,4754,1257
951,750429297815552001,14074,4707
952,750383411068534784,4844,1239
953,750381685133418496,736,33
954,750147208377409536,3302,1056
955,750132105863102464,3872,1386
956,750117059602808832,4609,1421
957,750101899009982464,3242,919
958,750086836815486976,2315,594
959,750071704093859840,8381,3645
960,750056684286914561,3345,974
961,750041628174217216,3388,674
962,750026558547456000,2891,862
963,750011400160841729,3461,995
964,749996283729883136,3228,881
965,749981277374128128,5452,2676
966,749774190421639168,4951,1431
967,749417653287129088,6508,1824
968,749403093750648834,2799,599
969,749395845976588288,9174,3782
970,749317047558017024,5854,2417
971,749075273010798592,6148,2253
972,749064354620928000,5102,1644
973,749036806121881602,3296,850
974,748977405889503236,11422,3715
975,748932637671223296,6230,2463
976,748705597323898880,2943,1030
977,748699167502000129,5047,1747
978,748692773788876800,4515,1449
979,748575535303884801,6458,2174
980,748568946752774144,2322,730
981,748346686624440324,5574,1343
982,748337862848962560,8203,4499
983,748324050481647620,3945,835
984,748307329658011649,3905,778
985,748220828303695873,15046,8490
986,747963614829678593,6168,2340
987,747933425676525569,7066,2782
988,747885874273214464,3144,1076
989,747844099428986880,2990,814
990,747816857231626240,5169,1266
991,747651430853525504,1468,171
992,747648653817413632,13724,6359
993,747600769478692864,2464,597
994,747594051852075008,3926,1148
995,747512671126323200,5910,1723
996,747461612269887489,4118,1126
997,747439450712596480,5780,2094
998,747242308580548608,0,3137
999,747219827526344708,5622,1721
1000,747204161125646336,3596,999
1001,747103485104099331,10191,4355
1002,746906459439529985,3074,325
1003,746872823977771008,6372,2338
1004,746818907684614144,5635,1875
1005,746790600704425984,5174,1727
1006,746757706116112384,10166,4229
1007,746726898085036033,6417,1945
1008,746542875601690625,5348,2028
1009,746521445350707200,0,1067
1010,746507379341139972,4925,1173
1011,746369468511756288,6563,1795
1012,746131877086527488,7338,2393
1013,746056683365994496,3773,892
1014,745789745784041472,4295,1159
1015,745712589599014916,7426,2527
1016,745433870967832576,7544,2762
1017,745422732645535745,9113,2643
1018,745314880350101504,7612,3011
1019,745074613265149952,8321,3826
1020,745057283344719872,7686,2474
1021,744995568523612160,3167,678
1022,744971049620602880,8369,2924
1023,744709971296780288,5943,1688
1024,744334592493166593,7186,2321
1025,744234799360020481,164340,84546
1026,744223424764059648,1802,405
1027,743980027717509120,4408,1180
1028,743895849529389061,3868,1037
1029,743835915802583040,0,2270
1030,743609206067040256,4760,1493
1031,743595368194129920,19588,7115
1032,743545585370791937,3741,1015
1033,743510151680958465,8380,4005
1034,743253157753532416,4493,1311
1035,743222593470234624,6575,2064
1036,743210557239623680,4068,1475
1037,742534281772302336,7472,3852
1038,742528092657332225,4712,2158
1039,742465774154047488,7689,4211
1040,742423170473463808,10432,4124
1041,742385895052087300,7208,2158
1042,742161199639494656,4595,1487
1043,742150209887731712,5457,1691
1044,741793263812808706,4837,1638
1045,741743634094141440,8673,2996
1046,741438259667034112,3889,906
1047,741303864243200000,9301,3503
1048,741099773336379392,10647,6007
1049,741067306818797568,10002,3348
1050,740995100998766593,6794,2998
1051,740711788199743490,3613,1010
1052,740699697422163968,3000,842
1053,740676976021798912,19229,7381
1054,740373189193256964,36799,14432
1055,740365076218183684,2629,472
1056,740359016048689152,3502,924
1057,740214038584557568,7096,2133
1058,739979191639244800,21154,6408
1059,739932936087216128,4296,1171
1060,739844404073074688,4017,922
1061,739623569819336705,4033,1472
1062,739606147276148736,5704,1799
1063,739544079319588864,42093,23218
1064,739485634323156992,7620,3184
1065,739238157791694849,121992,62818
1066,738891149612572673,113,6
1067,738885046782832640,3993,1236
1068,738883359779196928,3543,880
1069,738537504001953792,5392,1693
1070,738402415918125056,3461,920
1071,738184450748633089,4573,1315
1072,738166403467907072,9322,3699
1073,738156290900254721,2680,712
1074,737826014890496000,5574,1914
1075,737800304142471168,10580,3748
1076,737678689543020544,5340,1451
1077,737445876994609152,10917,4830
1078,737322739594330112,3819,876
1079,737310737551491075,15557,8020
1080,736736130620620800,4579,1880
1081,736392552031657984,18785,8038
1082,736365877722001409,4225,1356
1083,736225175608430592,8610,2991
1084,736010884653420544,8374,3224
1085,735991953473572864,3815,1244
1086,735648611367784448,4244,1184
1087,735635087207878657,6546,2554
1088,735274964362878976,13776,5485
1089,735256018284875776,3543,958
1090,735137028879360001,3315,1048
1091,734912297295085568,2899,556
1092,734787690684657664,13286,6801
1093,734776360183431168,2652,584
1094,734559631394082816,1578,427
1095,733828123016450049,3799,838
1096,733822306246479872,3885,1089
1097,733482008106668032,3324,1025
1098,733460102733135873,4452,1382
1099,733109485275860992,47214,17397
1100,732732193018155009,2580,578
1101,732726085725589504,3737,957
1102,732585889486888962,3891,830
1103,732375214819057664,8548,2721
1104,732005617171337216,15785,5895
1105,731285275100512256,3684,1064
1106,731156023742988288,4054,1372
1107,730924654643314689,6477,2136
1108,730573383004487680,5204,2327
1109,730427201120833536,3662,1122
1110,730211855403241472,4044,1139
1111,730196704625098752,5163,2074
1112,729854734790754305,4253,1207
1113,729838605770891264,1799,414
1114,729823566028484608,4208,1333
1115,729463711119904772,6137,2483
1116,729113531270991872,1991,353
1117,728986383096946689,3341,883
1118,728760639972315136,4932,1835
1119,728751179681943552,2940,731
1120,728653952833728512,3503,1123
1121,728409960103686147,5192,2171
1122,728387165835677696,3875,1032
1123,728046963732717569,4553,1266
1124,728035342121635841,4799,1801
1125,728015554473250816,4326,1183
1126,727685679342333952,3106,687
1127,727644517743104000,6225,1888
1128,727524757080539137,4718,1320
1129,727314416056803329,3507,806
1130,727286334147182592,3211,876
1131,727175381690781696,4091,1479
1132,727155742655025152,3840,1424
1133,726935089318363137,7272,2647
1134,726887082820554753,4048,1624
1135,726828223124897792,3749,1087
1136,726224900189511680,4660,1247
1137,725842289046749185,7439,2854
1138,725786712245440512,4400,1462
1139,725729321944506368,5483,1924
1140,725458796924002305,1488,670
1141,724983749226668032,3906,1406
1142,724771698126512129,2499,691
1143,724405726123311104,5598,1776
1144,724049859469295616,4574,1905
1145,724046343203856385,2813,598
1146,724004602748780546,4419,1703
1147,723912936180330496,4105,1317
1148,723688335806480385,8134,3212
1149,723673163800948736,3196,960
1150,723179728551723008,5586,2022
1151,722974582966214656,4344,1697
1152,722613351520608256,5221,1762
1153,721503162398597120,4919,2018
1154,721001180231503872,2667,661
1155,720785406564900865,3291,840
1156,720775346191278080,2620,734
1157,720415127506415616,4350,1608
1158,720389942216527872,6764,2716
1159,720340705894408192,3032,1047
1160,720059472081784833,4106,1218
1161,720043174954147842,5166,2165
1162,719991154352222208,5097,1885
1163,719704490224398336,4816,1567
1164,719551379208073216,5336,2087
1165,719367763014393856,2946,797
1166,719339463458033665,4660,1349
1167,719332531645071360,3602,1031
1168,718971898235854848,3682,1183
1169,718939241951195136,5521,1897
1170,718631497683582976,19957,8715
1171,718613305783398402,2575,519
1172,718540630683709445,2629,1090
1173,718460005985447936,2856,573
1174,718454725339934721,5140,1624
1175,718246886998687744,2038,537
1176,718234618122661888,4085,1081
1177,717841801130979328,2585,642
1178,717790033953034240,3047,1216
1179,717537687239008257,6073,1985
1180,717428917016076293,1690,489
1181,717421804990701568,3322,909
1182,717047459982213120,6615,2050
1183,717009362452090881,3454,1048
1184,716802964044845056,4503,1264
1185,716791146589110272,5840,1494
1186,716730379797970944,1298,458
1187,716447146686459905,13838,6336
1188,716439118184652801,2495,231
1189,716285507865542656,2932,1168
1190,716080869887381504,5150,1872
1191,715928423106027520,3366,945
1192,715758151270801409,3943,1531
1193,715733265223708672,4929,1828
1194,715704790270025728,2955,606
1195,715696743237730304,4119,1388
1196,715680795826982913,4570,1747
1197,715360349751484417,5773,1694
1198,715342466308784130,3187,736
1199,715220193576927233,2546,706
1200,715200624753819648,5410,2031
1201,715009755312439296,4397,1329
1202,714982300363173890,3959,1112
1203,714962719905021952,7770,4609
1204,714957620017307648,4364,1530
1205,714631576617938945,3452,1080
1206,714606013974974464,3821,1005
1207,714485234495041536,2861,1250
1208,714258258790387713,3169,773
1209,714251586676113411,3450,907
1210,714214115368108032,2395,943
1211,714141408463036416,4538,1505
1212,713919462244790272,3461,835
1213,713909862279876608,2018,590
1214,713900603437621249,2984,804
1215,713761197720473600,5158,1485
1216,713411074226274305,4657,1393
1217,713177543487135744,7596,3056
1218,713175907180089344,4716,1565
1219,712809025985978368,19621,7251
1220,712717840512598017,13062,5392
1221,712668654853337088,4394,1311
1222,712438159032893441,5621,1686
1223,712309440758808576,257,25
1224,712097430750289920,4015,1114
1225,712092745624633345,3107,970
1226,712085617388212225,3423,521
1227,712065007010385924,2397,668
1228,711998809858043904,0,135
1229,711968124745228288,8512,2489
1230,711743778164514816,3003,1065
1231,711732680602345472,9395,4446
1232,711694788429553666,34702,19703
1233,711652651650457602,4086,987
1234,711363825979756544,3859,1221
1235,711306686208872448,3499,794
1236,711008018775851008,3162,671
1237,710997087345876993,4810,1499
1238,710844581445812225,2689,741
1239,710833117892898816,2841,581
1240,710658690886586372,2444,608
1241,710609963652087808,5070,2536
1242,710588934686908417,4811,2026
1243,710296729921429505,2501,793
1244,710283270106132480,2251,558
1245,710272297844797440,4782,1358
1246,710269109699739648,2541,1215
1247,710153181850935296,3070,964
1248,710140971284037632,2927,964
1249,710117014656950272,5805,2142
1250,709918798883774466,3147,1154
1251,709901256215666688,710,106
1252,709852847387627521,3697,1286
1253,709566166965075968,3740,1301
1254,709556954897764353,3469,1145
1255,709519240576036864,1574,258
1256,709449600415961088,2353,640
1257,709409458133323776,2770,749
1258,709225125749587968,2532,620
1259,709207347839836162,13331,6301
1260,709198395643068416,2550,689
1261,709179584944730112,2130,725
1262,709158332880297985,2163,449
1263,709042156699303936,5026,1773
1264,708853462201716736,1896,706
1265,708845821941387268,3143,967
1266,708834316713893888,1796,543
1267,708810915978854401,17439,7510
1268,708738143638450176,2895,881
1269,708711088997666817,2697,787
1270,708479650088034305,2691,729
1271,708469915515297792,3253,886
1272,708400866336894977,16920,10919
1273,708356463048204288,3822,1449
1274,708349470027751425,2485,793
1275,708149363256774660,4516,1662
1276,708130923141795840,3582,907
1277,708119489313951744,2839,1054
1278,708109389455101952,2040,584
1279,708026248782585858,4615,2076
1280,707995814724026368,3290,1209
1281,707983188426153984,51,2
1282,707969809498152960,2860,1047
1283,707776935007539200,3467,1022
1284,707741517457260545,2638,658
1285,707738799544082433,4336,2663
1286,707693576495472641,3629,1080
1287,707629649552134146,2727,948
1288,707610948723478529,17935,6938
1289,707420581654872064,2405,748
1290,707411934438625280,2411,648
1291,707387676719185920,3712,1407
1292,707377100785885184,3480,1164
1293,707315916783140866,2615,691
1294,707297311098011648,2926,858
1295,707059547140169728,2723,732
1296,707038192327901184,2326,856
1297,707021089608753152,4305,1482
1298,707014260413456384,2437,645
1299,706904523814649856,15428,8461
1300,706901761596989440,2191,645
1301,706681918348251136,3510,1047
1302,706644897839910912,2730,1183
1303,706593038911545345,2288,678
1304,706538006853918722,3664,1526
1305,706516534877929472,3277,1115
1306,706346369204748288,3647,996
1307,706310011488698368,22683,8644
1308,706291001778950144,1800,505
1309,706265994973601792,2886,991
1310,706169069255446529,4137,2403
1311,706166467411222528,5449,1738
1312,706153300320784384,1582,414
1313,705975130514706432,3282,800
1314,705970349788291072,3327,962
1315,705898680587526145,2513,606
1316,705786532653883392,2063,573
1317,705591895322394625,3356,1240
1318,705475953783398401,3132,1001
1319,705442520700944385,4718,1786
1320,705428427625635840,4044,1829
1321,705239209544720384,3173,814
1322,705223444686888960,2741,870
1323,705102439679201280,2275,553
1324,705066031337840642,2299,656
1325,704871453724954624,4522,1205
1326,704859558691414016,2394,590
1327,704847917308362754,5419,1657
1328,704819833553219584,2794,1084
1329,704761120771465216,7031,3137
1330,704499785726889984,3115,1081
1331,704491224099647488,811,91
1332,704480331685040129,3600,1146
1333,704364645503647744,8519,3842
1334,704347321748819968,1681,382
1335,704134088924532736,1605,505
1336,704113298707505153,1969,609
1337,704054845121142784,3098,996
1338,703774238772166656,1955,501
1339,703769065844768768,3490,1227
1340,703631701117943808,2754,748
1341,703611486317502464,4090,1642
1342,703425003149250560,4021,1497
1343,703407252292673536,2609,757
1344,703382836347330562,3713,1233
1345,703356393781329922,2026,418
1346,703268521220972544,2088,595
1347,703079050210877440,7813,3355
1348,703041949650034688,27956,13563
1349,702932127499816960,2747,782
1350,702899151802126337,1711,485
1351,702684942141153280,3408,1164
1352,702671118226825216,2320,605
1353,702598099714314240,10965,3542
1354,702539513671897089,3041,1040
1355,702332542343577600,3391,1685
1356,702321140488925184,3477,1116
1357,702276748847800320,2627,826
1358,702217446468493312,5097,1453
1359,701981390485725185,3646,1074
1360,701952816642965504,4031,1105
1361,701889187134500865,3773,1491
1362,701805642395348998,3643,1834
1363,701601587219795968,2214,497
1364,701570477911896070,2986,1012
1365,701545186879471618,2814,660
1366,701214700881756160,12957,5534
1367,700890391244103680,2355,620
1368,700864154249383937,2753,662
1369,700847567345688576,2580,540
1370,700796979434098688,2582,1037
1371,700747788515020802,24217,10146
1372,700518061187723268,2799,864
1373,700505138482569216,2416,618
1374,700462010979500032,4397,1951
1375,700167517596164096,2806,809
1376,700151421916807169,2377,714
1377,700143752053182464,7998,2984
1378,700062718104104960,2800,751
1379,700029284593901568,2191,630
1380,700002074055016451,3512,1456
1381,699801817392291840,3235,1041
1382,699788877217865730,2382,536
1383,699779630832685056,2938,1338
1384,699775878809702401,2078,658
1385,699691744225525762,10889,4966
1386,699446877801091073,6290,2828
1387,699434518667751424,2300,550
1388,699423671849451520,1452,359
1389,699413908797464576,2188,669
1390,699370870310113280,1991,474
1391,699323444782047232,3349,934
1392,699088579889332224,2369,679
1393,699079609774645248,2594,710
1394,699072405256409088,3181,1283
1395,699060279947165696,4010,1960
1396,699036661657767936,2770,1292
1397,698989035503689728,3590,1062
1398,698953797952008193,2869,977
1399,698907974262222848,2689,670
1400,698710712454139905,2625,742
1401,698703483621523456,1539,409
1402,698635131305795584,1364,369
1403,698549713696649216,2454,664
1404,698355670425473025,1981,486
1405,698342080612007937,2403,1025
1406,698262614669991936,5035,2169
1407,698195409219559425,17773,6455
1408,698178924120031232,2967,798
1409,697995514407682048,1617,360
1410,697990423684476929,3488,1398
1411,697943111201378304,2551,748
1412,697881462549430272,3201,1283
1413,697630435728322560,1854,581
1414,697616773278015490,3349,1093
1415,697596423848730625,3216,1362
1416,697575480820686848,2161,546
1417,697516214579523584,2192,1225
1418,697482927769255936,2570,734
1419,697463031882764288,3611,1488
1420,697270446429966336,4950,2014
1421,697259378236399616,3485,1077
1422,697255105972801536,3199,1257
1423,697242256848379904,2663,720
1424,696900204696625153,3386,1108
1425,696894894812565505,2491,732
1426,696886256886657024,5129,1935
1427,696877980375769088,2586,768
1428,696754882863349760,1562,386
1429,696744641916489729,2201,1021
1430,696713835009417216,2525,700
1431,696518437233913856,4130,1833
1432,696490539101908992,1293,159
1433,696488710901260288,2691,1119
1434,696405997980676096,3407,1231
1435,696100768806522880,2051,717
1436,695816827381944320,3184,1271
1437,695794761660297217,3377,848
1438,695767669421768709,1983,805
1439,695629776980148225,4848,2274
1440,695446424020918272,4625,1957
1441,695409464418041856,9146,3858
1442,695314793360662529,3866,1593
1443,695095422348574720,2799,665
1444,695074328191332352,3016,1193
1445,695064344191721472,1711,652
1446,695051054296211456,2831,851
1447,694925794720792577,2857,986
1448,694905863685980160,2929,1011
1449,694669722378485760,37868,15642
1450,694356675654983680,1597,313
1451,694352839993344000,2160,672
1452,694342028726001664,1671,528
1453,694329668942569472,2130,542
1454,694206574471057408,4443,2198
1455,694183373896572928,3120,1004
1456,694001791655137281,3593,1118
1457,693993230313091072,1981,437
1458,693942351086120961,1837,398
1459,693647888581312512,2860,643
1460,693644216740769793,1425,139
1461,693642232151285760,2696,448
1462,693629975228977152,2598,868
1463,693622659251335168,1636,399
1464,693590843962331137,5367,2131
1465,693582294167244802,1741,276
1466,693486665285931008,1885,680
1467,693280720173801472,3566,1346
1468,693267061318012928,2533,889
1469,693262851218264065,2367,544
1470,693231807727280129,3038,795
1471,693155686491000832,8367,3463
1472,693109034023534592,1826,665
1473,693095443459342336,1995,500
1474,692919143163629568,2833,805
1475,692905862751522816,2585,948
1476,692901601640583168,1899,656
1477,692894228850999298,2417,873
1478,692828166163931137,3046,956
1479,692752401762250755,7247,3929
1480,692568918515392513,4615,1662
1481,692535307825213440,3382,1469
1482,692530551048294401,1962,456
1483,692423280028966913,1570,248
1484,692417313023332352,9913,3761
1485,692187005137076224,2676,887
1486,692158366030913536,2287,859
1487,692142790915014657,1742,426
1488,692041934689402880,3603,1378
1489,692017291282812928,3038,1036
1490,691820333922455552,4186,1786
1491,691793053716221953,8612,4546
1492,691756958957883396,3069,1106
1493,691675652215414786,2062,551
1494,691483041324204033,2518,612
1495,691459709405118465,4317,1244
1496,691444869282295808,2816,918
1497,691416866452082688,20520,8280
1498,691321916024623104,2736,714
1499,691096613310316544,3145,967
1500,691090071332753408,1812,362
1501,690989312272396288,6271,3112
1502,690959652130045952,3799,1360
1503,690938899477221376,4388,2166
1504,690932576555528194,3491,1107
1505,690735892932222976,4012,1386
1506,690728923253055490,2306,562
1507,690690673629138944,2474,858
1508,690649993829576704,1387,305
1509,690607260360429569,307,17
1510,690597161306841088,2088,653
1511,690400367696297985,1984,490
1512,690374419777196032,3455,934
1513,690360449368465409,2815,964
1514,690348396616552449,1594,553
1515,690248561355657216,1791,446
1516,690021994562220032,2969,1119
1517,690015576308211712,2665,801
1518,690005060500217858,3895,1831
1519,689999384604450816,1515,407
1520,689993469801164801,1559,497
1521,689977555533848577,1449,483
1522,689905486972461056,2578,749
1523,689877686181715968,3201,1283
1524,689835978131935233,2297,818
1525,689661964914655233,3396,1007
1526,689659372465688576,11020,4227
1527,689623661272240129,2370,701
1528,689599056876867584,12350,5991
1529,689557536375177216,2178,502
1530,689517482558820352,3603,1552
1531,689289219123089408,2391,1008
1532,689283819090870273,3492,1198
1533,689280876073582592,2119,779
1534,689275259254616065,1229,267
1535,689255633275777024,2715,1168
1536,689154315265683456,3246,1088
1537,689143371370250240,2153,558
1538,688916208532455424,2906,944
1539,688908934925697024,2252,839
1540,688898160958271489,2234,852
1541,688894073864884227,2371,753
1542,688828561667567616,1464,402
1543,688804835492233216,1018,213
1544,688789766343622656,2350,722
1545,688547210804498433,2772,763
1546,688519176466644993,2453,793
1547,688385280030670848,9872,4831
1548,688211956440801280,2360,908
1549,688179443353796608,2248,638
1550,688116655151435777,2996,850
1551,688064179421470721,1827,387
1552,687841446767013888,5802,2741
1553,687826841265172480,2898,1229
1554,687818504314159109,2655,1027
1555,687807801670897665,2537,760
1556,687732144991551489,1872,712
1557,687704180304273409,2592,912
1558,687664829264453632,2060,556
1559,687494652870668288,2033,624
1560,687480748861947905,1696,268
1561,687476254459715584,2092,582
1562,687460506001633280,2169,588
1563,687399393394311168,2013,680
1564,687317306314240000,21344,9937
1565,687312378585812992,4622,2064
1566,687127927494963200,5798,2477
1567,687124485711986689,2300,551
1568,687109925361856513,6169,2676
1569,687102708889812993,2485,1075
1570,687096057537363968,2387,658
1571,686947101016735744,9132,3444
1572,686760001961103360,3733,1494
1573,686749460672679938,3674,1584
1574,686730991906516992,4405,1301
1575,686683045143953408,2984,871
1576,686618349602762752,3900,1473
1577,686606069955735556,2002,586
1578,686394059078897668,1862,740
1579,686386521809772549,3457,957
1580,686377065986265092,2357,606
1581,686358356425093120,2333,741
1582,686286779679375361,4252,1808
1583,686050296934563840,2342,799
1584,686035780142297088,1222,133
1585,686034024800862208,3312,1271
1586,686007916130873345,2622,454
1587,686003207160610816,1931,690
1588,685973236358713344,2238,577
1589,685943807276412928,1732,661
1590,685906723014619143,7983,3154
1591,685681090388975616,2154,137
1592,685667379192414208,2489,624
1593,685663452032069632,3455,1591
1594,685641971164143616,3113,841
1595,685547936038666240,34986,17028
1596,685532292383666176,3231,1245
1597,685325112850124800,10069,4337
1598,685321586178670592,2816,699
1599,685315239903100929,3552,1170
1600,685307451701334016,2198,478
1601,685268753634967552,3293,1313
1602,685198997565345792,2473,727
1603,685169283572338688,4350,1547
1604,684969860808454144,2509,417
1605,684959798585110529,7239,3408
1606,684940049151070208,3416,1135
1607,684926975086034944,3719,512
1608,684914660081053696,3720,1584
1609,684902183876321280,1995,575
1610,684880619965411328,2229,894
1611,684830982659280897,37230,23442
1612,684800227459624960,2879,1080
1613,684594889858887680,9494,3842
1614,684588130326986752,4372,1526
1615,684567543613382656,3195,1340
1616,684538444857667585,2811,1045
1617,684481074559381504,4107,1267
1618,684460069371654144,2095,604
1619,684241637099323392,8658,3581
1620,684225744407494656,1315,230
1621,684222868335505415,4083,1502
1622,684200372118904832,2299,1122
1623,684195085588783105,2033,562
1624,684188786104872960,3689,1270
1625,684177701129875456,2143,730
1626,684147889187209216,3161,1627
1627,684122891630342144,2116,516
1628,684097758874210310,4360,1563
1629,683857920510050305,4042,1208
1630,683852578183077888,2042,381
1631,683849932751646720,2783,1065
1632,683834909291606017,2781,1201
1633,683828599284170753,2971,1147
1634,683773439333797890,3550,1475
1635,683742671509258241,6910,3613
1636,683515932363329536,7818,3155
1637,683498322573824003,3364,1038
1638,683481228088049664,2795,1077
1639,683462770029932544,2590,726
1640,683449695444799489,4133,1743
1641,683391852557561860,8076,2593
1642,683357973142474752,3117,1020
1643,683142553609318400,3055,1131
1644,683111407806746624,3611,990
1645,683098815881154561,2301,714
1646,683078886620553216,2106,610
1647,683030066213818368,2288,795
1648,682962037429899265,39280,18168
1649,682808988178739200,1881,197
1650,682788441537560576,2623,1215
1651,682750546109968385,1617,476
1652,682697186228989953,1394,390
1653,682662431982772225,3229,1171
1654,682638830361513985,2182,651
1655,682429480204398592,3642,1262
1656,682406705142087680,8040,1912
1657,682393905736888321,2377,743
1658,682389078323662849,1774,506
1659,682303737705140231,3268,1083
1660,682259524040966145,4427,1323
1661,682242692827447297,3450,1286
1662,682088079302213632,19439,10768
1663,682059653698686977,5272,1843
1664,682047327939461121,3409,1048
1665,682032003584274432,6972,2189
1666,682003177596559360,3342,1656
1667,681981167097122816,2945,1116
1668,681891461017812993,2616,896
1669,681694085539872773,13533,4397
1670,681679526984871937,1868,484
1671,681654059175129088,2800,1007
1672,681610798867845120,2024,515
1673,681579835668455424,3749,1423
1674,681523177663676416,15173,6315
1675,681340665377193984,1739,303
1676,681339448655802368,9843,4406
1677,681320187870711809,2813,822
1678,681302363064414209,4188,1991
1679,681297372102656000,3387,1039
1680,681281657291280384,3411,1193
1681,681261549936340994,1540,297
1682,681242418453299201,1589,589
1683,681231109724700672,2538,525
1684,681193455364796417,3937,1614
1685,680970795137544192,2572,720
1686,680959110691590145,4826,2156
1687,680940246314430465,3423,1144
1688,680934982542561280,2198,479
1689,680913438424612864,2531,670
1690,680889648562991104,1868,397
1691,680836378243002368,3659,1441
1692,680805554198020098,2294,720
1693,680801747103793152,2502,897
1694,680798457301471234,3028,1128
1695,680609293079592961,2792,775
1696,680583894916304897,3831,1456
1697,680497766108381184,4480,2074
1698,680494726643068929,1813,523
1699,680473011644985345,2690,810
1700,680440374763077632,1537,547
1701,680221482581123072,1543,314
1702,680206703334408192,2995,1276
1703,680191257256136705,2272,550
1704,680176173301628928,4132,1697
1705,680161097740095489,2448,796
1706,680145970311643136,3830,1886
1707,680130881361686529,2426,1031
1708,680115823365742593,2870,989
1709,680100725817409536,3786,1484
1710,680085611152338944,13528,9664
1711,680070545539371008,2719,951
1712,680055455951884288,17677,7724
1713,679877062409191424,2077,694
1714,679872969355714560,2298,718
1715,679862121895714818,2609,676
1716,679854723806179328,3034,1340
1717,679844490799091713,2509,835
1718,679828447187857408,38370,15207
1719,679777920601223168,3263,1211
1720,679736210798047232,2213,865
1721,679729593985699840,2287,889
1722,679722016581222400,1749,509
1723,679530280114372609,5035,2241
1724,679527802031484928,2798,788
1725,679511351870550016,3565,1388
1726,679503373272485890,3342,1605
1727,679475951516934144,2223,689
1728,679462823135686656,33577,20400
1729,679405845277462528,2517,1306
1730,679158373988876288,22732,8790
1731,679148763231985668,2935,1112
1732,679132435750195208,3133,1250
1733,679111216690831360,6290,2765
1734,679062614270468097,18043,8893
1735,679047485189439488,2379,738
1736,679001094530465792,2985,1335
1737,678991772295516161,2451,1271
1738,678969228704284672,1730,498
1739,678800283649069056,2715,977
1740,678798276842360832,3681,1286
1741,678774928607469569,2943,999
1742,678767140346941444,3720,1477
1743,678764513869611008,1725,517
1744,678755239630127104,7532,3581
1745,678740035362037760,3965,1843
1746,678708137298427904,5854,2629
1747,678675843183484930,3026,1604
1748,678643457146150913,2163,460
1749,678446151570427904,4214,1704
1750,678424312106393600,5716,2753
1751,678410210315247616,4466,1969
1752,678399652199309312,61126,29808
1753,678396796259975168,1673,455
1754,678389028614488064,1966,454
1755,678380236862578688,2564,974
1756,678341075375947776,1820,583
1757,678334497360859136,1369,288
1758,678278586130948096,12078,6554
1759,678255464182861824,1666,401
1760,678023323247357953,2028,419
1761,678021115718029313,14488,6864
1762,677961670166224897,3593,1812
1763,677918531514703872,1413,440
1764,677895101218201600,5081,2274
1765,677716515794329600,3200,1044
1766,677700003327029250,3566,1550
1767,677698403548192770,1284,341
1768,677687604918272002,2604,909
1769,677673981332312066,3513,1612
1770,677662372920729601,2047,1049
1771,677644091929329666,1974,857
1772,677573743309385728,2246,781
1773,677565715327688705,1356,488
1774,677557565589463040,2559,1249
1775,677547928504967168,7295,3906
1776,677530072887205888,1120,242
1777,677335745548390400,3207,1928
1778,677334615166730240,1425,316
1779,677331501395156992,1145,254
1780,677328882937298944,3809,1606
1781,677314812125323265,1724,577
1782,677301033169788928,1309,442
1783,677269281705472000,2090,756
1784,677228873407442944,3717,1757
1785,677187300187611136,2870,987
1786,676975532580409345,2911,1150
1787,676957860086095872,2313,867
1788,676949632774234114,1363,424
1789,676948236477857792,2281,937
1790,676946864479084545,1782,405
1791,676942428000112642,2172,814
1792,676936541936185344,13320,5270
1793,676916996760600576,3110,1925
1794,676897532954456065,2363,782
1795,676864501615042560,2208,766
1796,676821958043033607,24186,16762
1797,676819651066732545,1884,709
1798,676811746707918848,1488,455
1799,676776431406465024,5229,2156
1800,676617503762681856,3034,1052
1801,676613908052996102,1140,208
1802,676606785097199616,1972,470
1803,676603393314578432,1230,418
1804,676593408224403456,4797,2314
1805,676590572941893632,963,135
1806,676588346097852417,2446,857
1807,676582956622721024,1260,301
1808,676575501977128964,2706,1202
1809,676533798876651520,1964,596
1810,676496375194980353,1591,570
1811,676470639084101634,12163,5000
1812,676440007570247681,1798,715
1813,676430933382295552,1462,370
1814,676263575653122048,2173,586
1815,676237365392908289,1276,314
1816,676219687039057920,78361,33222
1817,676215927814406144,1821,629
1818,676191832485810177,2385,1096
1819,676146341966438401,2000,714
1820,676121918416756736,2238,1245
1821,676101918813499392,2937,1236
1822,676098748976615425,3153,1542
1823,676089483918516224,1377,456
1824,675898130735476737,1713,611
1825,675891555769696257,2232,933
1826,675888385639251968,2486,1024
1827,675878199931371520,4363,1494
1828,675870721063669760,1715,607
1829,675853064436391936,2811,1388
1830,675849018447167488,983,162
1831,675845657354215424,2387,951
1832,675822767435051008,1588,567
1833,675820929667219457,1096,244
1834,675798442703122432,10695,3608
1835,675781562965868544,1689,506
1836,675740360753160193,1212,371
1837,675710890956750848,1980,885
1838,675707330206547968,2076,740
1839,675706639471788032,670,103
1840,675534494439489536,1893,445
1841,675531475945709568,1228,411
1842,675522403582218240,1082,304
1843,675517828909424640,1360,487
1844,675501075957489664,17835,6197
1845,675497103322386432,3269,1380
1846,675489971617296384,1348,632
1847,675483430902214656,1919,1031
1848,675432746517426176,1584,601
1849,675372240448454658,1772,537
1850,675362609739206656,1090,242
1851,675354435921575936,34094,18234
1852,675349384339542016,4083,2406
1853,675334060156301312,2897,1372
1854,675166823650848770,3761,1724
1855,675153376133427200,6544,2766
1856,675149409102012420,3886,1788
1857,675147105808306176,980,254
1858,675146535592706048,1244,330
1859,675145476954566656,2217,960
1860,675135153782571009,1350,524
1861,675113801096802304,2028,827
1862,675111688094527488,1000,267
1863,675109292475830276,2909,1205
1864,675047298674663426,1101,345
1865,675015141583413248,2817,1272
1866,675006312288268288,1015,240
1867,675003128568291329,1610,502
1868,674999807681908736,2333,1172
1869,674805413498527744,896,374
1870,674800520222154752,3121,912
1871,674793399141146624,2601,1159
1872,674790488185167872,1143,268
1873,674788554665512960,841,220
1874,674781762103414784,2084,1278
1875,674774481756377088,1174,503
1876,674767892831932416,1897,849
1877,674764817387900928,813,253
1878,674754018082705410,1405,479
1879,674752233200820224,1513,492
1880,674743008475090944,1456,584
1881,674742531037511680,509,54
1882,674739953134403584,1156,420
1883,674737130913071104,668,97
1884,674690135443775488,1186,494
1885,674670581682434048,1681,688
1886,674664755118911488,955,269
1887,674646392044941312,1492,530
1888,674644256330530816,1068,285
1889,674638615994089473,1744,612
1890,674632714662858753,1551,610
1891,674606911342424069,971,104
1892,674468880899788800,6441,2178
1893,674447403907457024,1099,376
1894,674436901579923456,1154,417
1895,674422304705744896,1482,563
1896,674416750885273600,706,148
1897,674410619106390016,1237,490
1898,674394782723014656,1551,606
1899,674372068062928900,878,326
1900,674330906434379776,579,77
1901,674318007229923329,1462,547
1902,674307341513269249,11719,7333
1903,674291837063053312,15269,6239
1904,674271431610523648,1619,766
1905,674269164442398721,928,239
1906,674265582246694913,1697,892
1907,674262580978937856,1345,481
1908,674255168825880576,1521,592
1909,674082852460433408,779,179
1910,674075285688614912,1012,303
1911,674063288070742018,6576,2347
1912,674053186244734976,3444,1375
1913,674051556661161984,1496,506
1914,674045139690631169,1465,674
1915,674042553264685056,742,135
1916,674038233588723717,1137,431
1917,674036086168010753,868,227
1918,674024893172875264,1850,1297
1919,674019345211760640,1169,315
1920,674014384960745472,1614,684
1921,674008982932058114,1237,369
1922,673956914389192708,2015,1016
1923,673919437611909120,1206,385
1924,673906403526995968,3298,1711
1925,673887867907739649,961,264
1926,673716320723169284,3174,799
1927,673715861853720576,3666,2198
1928,673711475735838725,1067,313
1929,673709992831262724,875,286
1930,673708611235921920,1105,305
1931,673707060090052608,1129,410
1932,673705679337693185,1293,417
1933,673700254269775872,1483,598
1934,673697980713705472,3922,2064
1935,673689733134946305,1792,681
1936,673688752737402881,1298,521
1937,673686845050527744,1489,456
1938,673680198160809984,1412,487
1939,673662677122719744,1285,380
1940,673656262056419329,737,254
1941,673636718965334016,1151,386
1942,673612854080196609,1636,760
1943,673583129559498752,1226,387
1944,673580926094458881,851,277
1945,673576835670777856,1419,587
1946,673363615379013632,1051,326
1947,673359818736984064,1493,701
1948,673355879178194945,1533,614
1949,673352124999274496,1701,567
1950,673350198937153538,762,223
1951,673345638550134785,2602,1346
1952,673343217010679808,999,281
1953,673342308415348736,1303,616
1954,673320132811366400,13886,8346
1955,673317986296586240,892,277
1956,673295268553605120,7733,3319
1957,673270968295534593,1095,387
1958,673240798075449344,1457,763
1959,673213039743795200,2322,886
1960,673148804208660480,1748,658
1961,672997845381865473,2018,756
1962,672995267319328768,984,311
1963,672988786805112832,1002,304
1964,672984142909456390,1286,566
1965,672980819271634944,1863,1042
1966,672975131468300288,1737,961
1967,672970152493887488,981,373
1968,672968025906282496,1350,571
1969,672964561327235073,1461,671
1970,672902681409806336,1409,527
1971,672898206762672129,917,440
1972,672884426393653248,1596,860
1973,672877615439593473,1056,385
1974,672834301050937345,1348,594
1975,672828477930868736,1285,510
1976,672640509974827008,999,336
1977,672622327801233409,1326,516
1978,672614745925664768,1253,613
1979,672609152938721280,1146,405
1980,672604026190569472,1142,425
1981,672594978741354496,1360,630
1982,672591762242805761,976,347
1983,672591271085670400,746,195
1984,672538107540070400,1054,387
1985,672523490734551040,662,180
1986,672488522314567680,1147,455
1987,672482722825261057,1167,633
1988,672481316919734272,731,128
1989,672475084225949696,1475,733
1990,672466075045466113,1391,563
1991,672272411274932228,6637,3541
1992,672267570918129665,1535,640
1993,672264251789176834,1176,355
1994,672256522047614977,2891,1622
1995,672254177670729728,1471,769
1996,672248013293752320,1773,633
1997,672245253877968896,703,162
1998,672239279297454080,915,334
1999,672231046314901505,1888,1054
2000,672222792075620352,806,221
2001,672205392827572224,2322,1204
2002,672169685991993344,1047,386
2003,672160042234327040,893,376
2004,672139350159835138,1794,750
2005,672125275208069120,2473,1197
2006,672095186491711488,1024,383
2007,672082170312290304,963,381
2008,672068090318987265,1331,537
2009,671896809300709376,8686,4335
2010,671891728106971137,1364,590
2011,671882082306625538,3558,1437
2012,671879137494245376,1458,719
2013,671874878652489728,1282,580
2014,671866342182637568,1157,522
2015,671855973984772097,936,475
2016,671789708968640512,7262,3637
2017,671768281401958400,1230,546
2018,671763349865160704,1729,964
2019,671744970634719232,1383,802
2020,671743150407421952,758,239
2021,671735591348891648,1482,786
2022,671729906628341761,8758,4563
2023,671561002136281088,13189,7557
2024,671550332464455680,941,216
2025,671547767500775424,1390,620
2026,671544874165002241,2043,1093
2027,671542985629241344,1122,592
2028,671538301157904385,949,413
2029,671536543010570240,1206,426
2030,671533943490011136,1046,600
2031,671528761649688577,860,268
2032,671520732782923777,1434,551
2033,671518598289059840,973,303
2034,671511350426865664,1654,758
2035,671504605491109889,7229,3689
2036,671497587707535361,945,466
2037,671488513339211776,1039,491
2038,671486386088865792,597,213
2039,671485057807351808,783,241
2040,671390180817915904,1456,765
2041,671362598324076544,1145,307
2042,671357843010908160,412,154
2043,671355857343524864,489,117
2044,671347597085433856,995,449
2045,671186162933985280,756,222
2046,671182547775299584,1152,360
2047,671166507850801152,896,368
2048,671163268581498880,1707,1154
2049,671159727754231808,385,85
2050,671154572044468225,738,227
2051,671151324042559489,691,160
2052,671147085991960577,691,240
2053,671141549288370177,1204,682
2054,671138694582165504,956,421
2055,671134062904504320,768,200
2056,671122204919246848,3592,2636
2057,671115716440031232,1391,806
2058,671109016219725825,1174,458
2059,670995969505435648,1135,305
2060,670842764863651840,25242,9150
2061,670840546554966016,612,205
2062,670838202509447168,1144,727
2063,670833812859932673,461,128
2064,670832455012716544,753,229
2065,670826280409919488,5725,4246
2066,670823764196741120,795,198
2067,670822709593571328,631,100
2068,670815497391357952,3263,1613
2069,670811965569282048,1160,281
2070,670807719151067136,1183,509
2071,670804601705242624,2029,994
2072,670803562457407488,348,91
2073,670797304698376195,751,247
2074,670792680469889025,856,288
2075,670789397210615808,683,250
2076,670786190031921152,619,209
2077,670783437142401025,838,411
2078,670782429121134593,1615,813
2079,670780561024270336,801,297
2080,670778058496974848,337,74
2081,670764103623966721,1106,440
2082,670755717859713024,460,118
2083,670733412878163972,988,529
2084,670727704916926465,854,380
2085,670717338665226240,1246,517
2086,670704688707301377,784,386
2087,670691627984359425,603,253
2088,670679630144274432,768,300
2089,670676092097810432,260,45
2090,670668383499735048,11023,5267
2091,670474236058800128,1575,799
2092,670468609693655041,361,89
2093,670465786746662913,1000,580
2094,670452855871037440,564,216
2095,670449342516494336,1224,699
2096,670444955656130560,6887,2064
2097,670442337873600512,664,205
2098,670435821946826752,1081,545
2099,670434127938719744,1443,672
2100,670433248821026816,334,118
2101,670428280563085312,1426,664
2102,670427002554466305,529,172
2103,670421925039075328,1349,667
2104,670420569653809152,645,330
2105,670417414769758208,585,337
2106,670411370698022913,2090,942
2107,670408998013820928,572,233
2108,670403879788544000,443,163
2109,670385711116361728,575,220
2110,670374371102445568,762,280
2111,670361874861563904,339,69
2112,670338931251150849,437,117
2113,670319130621435904,3955,1288
2114,670303360680108032,438,141
2115,670290420111441920,724,298
2116,670093938074779648,1064,353
2117,670086499208155136,715,261
2118,670079681849372674,2288,1305
2119,670073503555706880,1613,826
2120,670069087419133954,650,255
2121,670061506722140161,786,359
2122,670055038660800512,686,344
2123,670046952931721218,662,183
2124,670040295598354432,771,115
2125,670037189829525505,600,292
2126,670003130994700288,342,96
2127,669993076832759809,332,87
2128,669972011175813120,455,168
2129,669970042633789440,308,63
2130,669942763794931712,521,174
2131,669926384437997569,387,109
2132,669923323644657664,242,59
2133,669753178989142016,834,422
2134,669749430875258880,278,67
2135,669684865554620416,535,91
2136,669683899023405056,402,114
2137,669682095984410625,365,137
2138,669680153564442624,689,300
2139,669661792646373376,829,459
2140,669625907762618368,3632,1889
2141,669603084620980224,970,386
2142,669597912108789760,524,157
2143,669583744538451968,1525,969
2144,669573570759163904,448,147
2145,669571471778410496,1630,1052
2146,669567591774625800,241,59
2147,669564461267722241,398,129
2148,669393256313184256,375,79
2149,669375718304980992,1372,760
2150,669371483794317312,509,187
2151,669367896104181761,473,164
2152,669363888236994561,644,238
2153,669359674819481600,377,129
2154,669354382627049472,2786,1325
2155,669353438988365824,664,267
2156,669351434509529089,451,195
2157,669328503091937280,1036,434
2158,669327207240699904,588,120
2159,669324657376567296,507,214
2160,669216679721873412,1217,419
2161,669214165781868544,455,178
2162,669203728096960512,1033,498
2163,669037058363662336,679,326
2164,669015743032369152,759,388
2165,669006782128353280,590,261
2166,669000397445533696,21437,6634
2167,668994913074286592,454,243
2168,668992363537309700,765,362
2169,668989615043424256,701,342
2170,668988183816871936,927,494
2171,668986018524233728,564,174
2172,668981893510119424,554,320
2173,668979806671884288,816,366
2174,668975677807423489,1343,611
2175,668967877119254528,151,25
2176,668960084974809088,728,249
2177,668955713004314625,286,74
2178,668932921458302977,276,59
2179,668902994700836864,326,106
2180,668892474547511297,408,158
2181,668872652652679168,542,310
2182,668852170888998912,465,174
2183,668826086256599040,450,146
2184,668815180734689280,587,283
2185,668779399630725120,726,384
2186,668655139528511488,547,227
2187,668645506898350081,922,566
2188,668643542311546881,909,551
2189,668641109086707712,1103,559
2190,668636665813057536,1073,506
2191,668633411083464705,2894,1719
2192,668631377374486528,737,330
2193,668627278264475648,325,118
2194,668625577880875008,400,140
2195,668623201287675904,1488,810
2196,668620235289837568,210,45
2197,668614819948453888,623,326
2198,668587383441514497,1706,1128
2199,668567822092664832,252,60
2200,668544745690562560,533,237
2201,668542336805281792,475,223
2202,668537837512433665,257,78
2203,668528771708952576,477,235
2204,668507509523615744,335,112
2205,668496999348633600,422,136
2206,668484198282485761,438,245
2207,668480044826800133,475,153
2208,668466899341221888,907,536
2209,668297328638447616,636,309
2210,668291999406125056,254,33
2211,668286279830867968,520,142
2212,668274247790391296,849,238
2213,668268907921326080,570,245
2214,668256321989451776,1335,643
2215,668248472370458624,1017,504
2216,668237644992782336,6377,2963
2217,668226093875376128,309,107
2218,668221241640230912,523,205
2219,668204964695683073,565,200
2220,668190681446379520,668,201
2221,668171859951755264,505,202
2222,668154635664932864,509,326
2223,668142349051129856,578,296
2224,668113020489474048,683,252
2225,667937095915278337,1303,821
2226,667924896115245057,307,114
2227,667915453470232577,215,58
2228,667911425562669056,501,315
2229,667902449697558528,867,386
2230,667886921285246976,1936,1129
2231,667885044254572545,837,506
2232,667878741721415682,399,121
2233,667873844930215936,643,419
2234,667866724293877760,3066,1067
2235,667861340749471744,247,80
2236,667832474953625600,293,63
2237,667806454573760512,1078,514
2238,667801013445750784,337,97
2239,667793409583771648,715,338
2240,667782464991965184,420,249
2241,667773195014021121,240,58
2242,667766675769573376,451,225
2243,667728196545200128,383,153
2244,667724302356258817,496,328
2245,667550904950915073,0,35
2246,667550882905632768,0,33
2247,667549055577362432,5909,2357
2248,667546741521195010,340,129
2249,667544320556335104,885,540
2250,667538891197542400,209,67
2251,667534815156183040,835,553
2252,667530908589760512,482,248
2253,667524857454854144,1731,1146
2254,667517642048163840,374,196
2255,667509364010450944,6903,2193
2256,667502640335572993,539,224
2257,667495797102141441,534,282
2258,667491009379606528,543,232
2259,667470559035432960,263,100
2260,667455448082227200,194,60
2261,667453023279554560,319,92
2262,667443425659232256,803,596
2263,667437278097252352,455,245
2264,667435689202614272,309,85
2265,667405339315146752,473,223
2266,667393430834667520,198,58
2267,667369227918143488,374,167
2268,667211855547486208,499,248
2269,667200525029539841,623,267
2270,667192066997374976,392,109
2271,667188689915760640,760,427
2272,667182792070062081,14574,6375
2273,667177989038297088,193,55
2274,667176164155375616,618,472
2275,667174963120574464,251,84
2276,667171260800061440,227,92
2277,667165590075940865,2734,1169
2278,667160273090932737,262,63
2279,667152164079423490,48531,17553
2280,667138269671505920,4683,2270
2281,667119796878725120,332,129
2282,667090893657276420,339,129
2283,667073648344346624,410,125
2284,667070482143944705,85,14
2285,667065535570550784,168,48
2286,667062181243039745,220,55
2287,667044094246576128,186,51
2288,667012601033924608,453,227
2289,666996132027977728,247,96
2290,666983947667116034,2578,1002
2291,666837028449972224,829,562
2292,666835007768551424,217,80
2293,666826780179869698,256,97
2294,666817836334096384,525,258
2295,666804364988780544,244,94
2296,666786068205871104,769,490
2297,666781792255496192,392,200
2298,666776908487630848,355,175
2299,666739327293083650,238,66
2300,666701168228331520,436,221
2301,666691418707132416,188,47
2302,666649482315059201,991,607
2303,666644823164719104,233,83
2304,666454714377183233,521,208
2305,666447344410484738,105,20
2306,666437273139982337,126,48
2307,666435652385423360,165,53
2308,666430724426358785,319,198
2309,666428276349472768,165,83
2310,666421158376562688,316,111
2311,666418789513326592,125,46
2312,666411507551481857,444,325
2313,666407126856765440,108,40
2314,666396247373291520,167,84
2315,666373753744588802,187,93
2316,666362758909284353,774,567
2317,666353288456101888,219,72
2318,666345417576210432,295,135
2319,666337882303524864,197,90
2320,666293911632134144,497,354
2321,666287406224695296,148,64
2322,666273097616637952,174,76
2323,666268910803644416,102,35
2324,666104133288665088,14254,6547
2325,666102155909144576,80,12
2326,666099513787052032,153,67
2327,666094000022159362,164,73
2328,666082916733198337,117,44
2329,666073100786774016,320,163
2330,666071193221509120,147,60
2331,666063827256086533,473,217
2332,666058600524156928,111,57
2333,666057090499244032,295,141
2334,666055525042405380,433,249
2335,666051853826850816,1211,844
2336,666050758794694657,132,58
2337,666049248165822465,109,40
2338,666044226329800704,298,141
2339,666033412701032449,125,44
2340,666029285002620928,129,47
2341,666020888022790149,2556,511
